+------------------------------------------------------------------------------------------------------------------------------------------------------------------------------------------------------------------------------------------+
; Legal Partition Candidates                                                                                                                                                                                                               ;
+-------------------------------------+-------+----------------+--------------+----------------+--------+-----------------+---------------+-----------------+-------+----------------+--------------+------------------+-------------------+
; Hierarchy                           ; Input ; Constant Input ; Unused Input ; Floating Input ; Output ; Constant Output ; Unused Output ; Floating Output ; Bidir ; Constant Bidir ; Unused Bidir ; Input only Bidir ; Output only Bidir ;
+-------------------------------------+-------+----------------+--------------+----------------+--------+-----------------+---------------+-----------------+-------+----------------+--------------+------------------+-------------------+
; instruction_cache|bus               ; 324   ; 0              ; 29           ; 0              ; 320    ; 0               ; 0             ; 0               ; 0     ; 0              ; 0            ; 0                ; 0                 ;
; instruction_cache|datapath|dirty    ; 9     ; 0              ; 0            ; 0              ; 2      ; 0               ; 0             ; 0               ; 0     ; 0              ; 0            ; 0                ; 0                 ;
; instruction_cache|datapath|valid    ; 9     ; 1              ; 0            ; 1              ; 2      ; 1               ; 1             ; 1               ; 0     ; 0              ; 0            ; 0                ; 0                 ;
; instruction_cache|datapath|tag      ; 32    ; 0              ; 0            ; 0              ; 48     ; 0               ; 0             ; 0               ; 0     ; 0              ; 0            ; 0                ; 0                 ;
; instruction_cache|datapath|DM_cache ; 295   ; 0              ; 0            ; 0              ; 256    ; 0               ; 0             ; 0               ; 0     ; 0              ; 0            ; 0                ; 0                 ;
; instruction_cache|datapath          ; 585   ; 0              ; 0            ; 0              ; 550    ; 0               ; 0             ; 0               ; 0     ; 0              ; 0            ; 0                ; 0                 ;
; instruction_cache|control           ; 10    ; 0              ; 3            ; 0              ; 11     ; 0               ; 0             ; 0               ; 0     ; 0              ; 0            ; 0                ; 0                 ;
; instruction_cache                   ; 328   ; 37             ; 0            ; 37             ; 323    ; 37              ; 37            ; 37              ; 0     ; 0              ; 0            ; 0                ; 0                 ;
; data_cache|bus                      ; 324   ; 0              ; 29           ; 0              ; 320    ; 0               ; 0             ; 0               ; 0     ; 0              ; 0            ; 0                ; 0                 ;
; data_cache|datapath|dirty           ; 9     ; 0              ; 0            ; 0              ; 1      ; 0               ; 0             ; 0               ; 0     ; 0              ; 0            ; 0                ; 0                 ;
; data_cache|datapath|valid           ; 9     ; 1              ; 0            ; 1              ; 1      ; 1               ; 1             ; 1               ; 0     ; 0              ; 0            ; 0                ; 0                 ;
; data_cache|datapath|tag             ; 32    ; 0              ; 0            ; 0              ; 24     ; 0               ; 0             ; 0               ; 0     ; 0              ; 0            ; 0                ; 0                 ;
; data_cache|datapath|DM_cache        ; 295   ; 0              ; 0            ; 0              ; 256    ; 0               ; 0             ; 0               ; 0     ; 0              ; 0            ; 0                ; 0                 ;
; data_cache|datapath                 ; 583   ; 0              ; 0            ; 0              ; 546    ; 0               ; 0             ; 0               ; 0     ; 0              ; 0            ; 0                ; 0                 ;
; data_cache|control                  ; 6     ; 0              ; 0            ; 0              ; 9      ; 0               ; 0             ; 0               ; 0     ; 0              ; 0            ; 0                ; 0                 ;
; data_cache                          ; 328   ; 0              ; 0            ; 0              ; 323    ; 0               ; 0             ; 0               ; 0     ; 0              ; 0            ; 0                ; 0                 ;
; ca                                  ; 357   ; 0              ; 0            ; 0              ; 355    ; 0               ; 0             ; 0               ; 0     ; 0              ; 0            ; 0                ; 0                 ;
; arbiter                             ; 839   ; 1              ; 257          ; 1              ; 804    ; 1               ; 1             ; 1               ; 0     ; 0              ; 0            ; 0                ; 0                 ;
; FU                                  ; 102   ; 0              ; 2            ; 0              ; 5      ; 0               ; 0             ; 0               ; 0     ; 0              ; 0            ; 0                ; 0                 ;
; writeback                           ; 165   ; 0              ; 30           ; 0              ; 32     ; 0               ; 0             ; 0               ; 0     ; 0              ; 0            ; 0                ; 0                 ;
; MEMWB                               ; 202   ; 21             ; 0            ; 21             ; 199    ; 21              ; 21            ; 21              ; 0     ; 0              ; 0            ; 0                ; 0                 ;
; mem                                 ; 245   ; 0              ; 2            ; 0              ; 70     ; 0               ; 0             ; 0               ; 0     ; 0              ; 0            ; 0                ; 0                 ;
; EXMEM                               ; 235   ; 49             ; 0            ; 49             ; 232    ; 49              ; 49            ; 49              ; 0     ; 0              ; 0            ; 0                ; 0                 ;
; execute|CMP                         ; 67    ; 0              ; 0            ; 0              ; 1      ; 0               ; 0             ; 0               ; 0     ; 0              ; 0            ; 0                ; 0                 ;
; execute|ALU                         ; 67    ; 0              ; 0            ; 0              ; 32     ; 0               ; 0             ; 0               ; 0     ; 0              ; 0            ; 0                ; 0                 ;
; execute                             ; 369   ; 0              ; 2            ; 0              ; 65     ; 0               ; 0             ; 0               ; 0     ; 0              ; 0            ; 0                ; 0                 ;
; IDEX                                ; 373   ; 22             ; 0            ; 22             ; 370    ; 22              ; 22            ; 22              ; 0     ; 0              ; 0            ; 0                ; 0                 ;
; decode|controller                   ; 32    ; 1              ; 15           ; 1              ; 33     ; 1               ; 1             ; 1               ; 0     ; 0              ; 0            ; 0                ; 0                 ;
; decode|regfile                      ; 50    ; 0              ; 1            ; 0              ; 64     ; 0               ; 0             ; 0               ; 0     ; 0              ; 0            ; 0                ; 0                 ;
; decode                              ; 264   ; 0              ; 0            ; 0              ; 370    ; 0               ; 0             ; 0               ; 0     ; 0              ; 0            ; 0                ; 0                 ;
; IFID|ir                             ; 35    ; 14             ; 0            ; 14             ; 192    ; 14              ; 14            ; 14              ; 0     ; 0              ; 0            ; 0                ; 0                 ;
; IFID                                ; 67    ; 0              ; 0            ; 0              ; 224    ; 0               ; 0             ; 0               ; 0     ; 0              ; 0            ; 0                ; 0                 ;
; fetch|PC                            ; 35    ; 0              ; 0            ; 0              ; 32     ; 0               ; 0             ; 0               ; 0     ; 0              ; 0            ; 0                ; 0                 ;
; fetch                               ; 76    ; 0              ; 1            ; 0              ; 64     ; 0               ; 0             ; 0               ; 0     ; 0              ; 0            ; 0                ; 0                 ;
+-------------------------------------+-------+----------------+--------------+----------------+--------+-----------------+---------------+-----------------+-------+----------------+--------------+------------------+-------------------+
